5000
1000
106 137
61 197
86 95
27 164
138 147
116 156
49 70
2 192
15 137
43 103
55 128
134 140
20 167
64 184
103 121
88 119
13 183
78 180
21 51
1 152
103 172
97 110
89 96
10 11
132 161
35 157
2 18
126 155
90 128
88 166
19 43
108 130
92 181
114 189
36 68
142 169
144 185
47 102
110 152
45 182
102 141
35 139
113 149
3 123
45 89
10 170
14 180
70 193
15 158
34 87
34 107
8 154
37 77
8 154
7 132
99 132
88 133
60 78
5 131
69 186
52 138
174 186
10 87
170 179
7 28
22 82
12 177
89 190
21 100
15 140
53 178
4 123
36 185
40 94
90 102
23 60
76 180
90 105
13 66
76 168
86 176
161 163
131 163
90 105
103 117
22 56
1 191
38 158
21 85
13 105
25 54
83 131
76 195
14 184
86 173
166 167
91 165
99 125
120 157
113 139
21 168
95 158
37 133
1 137
139 150
112 173
47 77
55 153
53 127
44 138
79 187
47 118
111 163
39 172
11 66
16 56
56 69
14 149
56 177
5 97
23 195
22 168
19 137
75 177
5 74
99 130
69 129
120 174
54 82
30 123
32 137
71 132
6 24
66 172
137 172
57 151
25 134
77 173
68 121
61 72
68 137
157 195
144 177
103 135
39 169
36 72
99 196
14 53
71 150
27 176
120 194
54 87
21 187
70 182
24 52
84 155
83 112
45 101
61 142
4 96
50 194
136 195
188 198
15 71
27 67
173 182
78 143
37 198
6 78
176 185
19 197
33 193
49 195
13 144
21 100
67 135
92 194
129 137
120 158
90 157
137 163
31 53
110 143
54 198
64 67
167 182
13 21
48 94
93 188
11 25
7 114
118 131
36 197
19 33
49 131
10 146
75 111
58 88
188 193
44 131
158 183
119 179
134 174
174 197
23 83
26 58
44 124
51 135
24 34
57 68
94 179
49 191
43 134
26 159
116 143
21 185
6 106
108 138
59 72
7 158
97 108
62 67
17 65
42 58
125 197
104 129
92 119
44 70
139 162
52 157
127 134
1 100
8 49
6 35
106 170
140 157
53 133
53 84
90 95
66 115
71 125
79 134
3 124
20 45
9 146
109 135
85 169
18 51
2 6
65 87
78 184
66 101
11 25
71 160
81 163
94 128
70 180
79 85
75 191
94 145
68 107
54 102
12 151
79 119
82 164
102 200
64 119
18 63
33 137
89 107
175 194
54 57
73 81
26 36
45 60
102 181
63 188
21 187
26 162
3 128
112 141
23 57
27 162
52 188
102 200
32 191
34 81
79 177
31 92
56 193
178 179
155 161
61 122
97 117
169 200
23 97
126 132
22 101
108 189
22 111
151 169
107 191
165 189
38 130
145 162
61 132
150 160
8 102
114 122
70 82
97 181
98 191
68 167
43 172
11 123
7 57
69 143
23 147
118 175
105 136
22 192
78 129
82 120
107 178
21 155
68 79
18 72
120 141
63 128
16 73
25 141
29 124
37 156
39 73
101 171
1 63
3 79
79 161
25 120
67 92
107 113
58 116
39 138
34 37
31 163
60 96
13 129
36 109
59 123
8 52
73 165
27 185
88 195
71 146
42 167
9 88
80 192
72 104
159 166
58 61
54 129
67 198
1 41
32 102
8 58
108 190
7 158
41 113
9 81
113 139
173 184
58 157
25 133
100 128
30 74
31 53
35 119
72 179
140 150
59 137
4 155
73 143
76 77
42 200
91 92
68 121
6 173
67 89
13 159
90 149
97 182
25 145
28 95
67 182
94 118
31 160
16 64
36 75
108 144
86 127
128 157
33 186
3 113
31 81
31 62
138 197
126 137
178 188
69 180
134 151
65 76
69 84
1 129
81 121
135 197
60 188
42 136
121 136
111 194
15 160
63 140
12 93
23 49
43 95
15 121
4 80
68 102
20 162
70 104
42 200
69 135
89 158
125 129
40 46
106 137
93 168
53 123
23 108
38 71
60 136
142 186
26 119
13 87
60 157
30 152
94 98
3 112
7 180
65 87
6 179
99 175
16 177
94 127
78 81
41 79
13 136
18 45
90 117
7 160
117 194
138 166
3 84
106 170
17 148
138 180
129 161
5 194
44 84
32 111
61 173
20 36
164 176
60 83
3 69
126 154
15 66
46 152
150 200
82 97
51 137
79 152
51 103
23 116
150 169
50 174
55 95
43 61
130 197
86 116
41 46
90 156
12 47
156 196
102 153
103 170
13 79
62 155
35 97
21 23
62 141
111 137
61 186
20 34
41 132
110 168
42 172
6 68
11 198
35 178
143 161
57 114
81 153
36 101
145 161
92 195
79 138
114 199
75 126
75 140
49 110
112 134
9 23
28 64
75 196
150 178
6 170
92 164
65 77
1 37
126 134
178 180
47 117
46 72
113 168
117 173
38 142
17 137
90 197
65 94
27 184
27 178
52 157
1 134
38 108
91 161
51 181
44 164
107 155
1 185
73 169
25 118
67 155
124 183
53 145
173 192
75 116
1 148
30 38
78 93
58 99
2 162
71 86
132 143
151 194
38 195
44 164
98 159
38 195
15 74
105 136
3 73
50 81
4 40
29 153
127 196
10 200
162 171
28 107
27 100
99 147
80 117
88 175
100 184
18 168
1 84
98 196
29 148
101 132
18 182
57 118
46 199
141 179
78 110
130 152
8 57
1 132
45 61
13 125
86 124
51 160
26 121
71 186
26 122
4 193
187 198
24 132
80 167
9 58
30 52
174 179
4 124
199 200
69 168
94 107
100 152
43 134
68 169
79 175
1 147
25 60
42 144
41 55
82 169
42 128
61 63
139 163
137 184
34 164
80 183
138 171
16 85
134 140
6 76
90 171
81 188
47 67
35 113
172 189
4 157
55 119
105 140
163 190
120 158
36 106
56 165
44 181
94 142
84 174
119 177
38 183
109 146
35 143
70 119
44 147
121 200
127 141
111 147
28 113
31 165
150 160
58 152
63 103
56 155
62 152
50 68
40 130
11 95
18 128
45 139
118 137
8 127
184 187
13 186
84 90
69 116
14 113
58 156
136 191
8 116
102 169
68 191
29 68
47 135
40 110
13 110
130 136
50 107
48 150
23 133
131 189
11 78
44 47
116 143
9 89
166 169
81 107
30 125
79 192
1 118
72 137
72 195
68 141
94 162
160 164
128 193
29 140
32 74
94 120
148 178
9 150
1 28
30 31
26 78
43 113
77 98
5 31
158 187
9 59
98 111
28 89
46 100
5 138
16 53
20 156
39 175
52 115
87 95
79 152
17 86
113 150
123 145
41 154
17 40
66 189
3 150
83 118
1 54
95 114
175 181
188 189
90 164
53 102
112 163
121 155
47 176
21 101
71 180
47 158
36 140
54 76
51 181
37 72
38 163
39 57
16 22
12 87
2 87
66 180
106 184
13 172
45 54
15 185
33 182
15 33
6 131
15 173
29 142
38 108
49 151
18 78
113 155
36 144
42 63
59 101
153 186
71 100
24 115
157 179
18 184
32 154
135 148
3 38
98 128
162 163
65 188
40 64
97 143
106 122
76 98
87 134
56 98
39 99
95 146
68 193
60 170
123 141
66 119
119 163
167 177
92 121
50 177
141 150
27 91
27 87
95 117
156 159
34 68
58 195
31 67
150 188
93 130
73 190
8 34
26 192
17 96
115 189
71 176
95 159
44 136
75 78
97 189
3 48
25 103
58 168
27 102
114 169
1 56
48 95
137 174
61 136
44 52
76 111
39 106
58 159
18 162
69 124
56 165
84 154
106 168
90 103
193 198
15 101
50 186
91 176
175 184
113 176
18 19
35 86
42 61
62 92
59 120
106 120
81 195
6 168
19 59
164 165
174 176
108 119
52 146
51 190
93 150
56 71
66 99
125 147
67 82
51 52
7 108
74 123
38 81
155 194
29 53
92 200
157 183
143 166
39 89
10 46
46 80
100 133
111 141
125 189
80 166
69 192
41 101
74 137
55 198
22 70
171 194
99 141
77 169
134 178
35 107
166 197
115 155
109 148
23 62
96 176
45 51
27 154
162 167
48 162
121 141
26 126
38 199
2 74
78 156
76 156
92 159
68 187
114 163
83 193
133 187
18 123
37 139
14 124
3 193
150 200
16 140
118 137
117 198
94 189
83 149
84 173
71 147
108 174
26 141
38 176
143 150
52 193
106 127
9 159
125 155
52 155
46 180
16 132
173 195
172 186
166 169
87 101
31 138
137 180
1 134
130 170
7 186
110 171
98 100
21 148
149 178
26 200
10 50
166 179
155 195
108 191
160 165
26 194
187 193
113 185
72 140
38 189
59 192
35 99
76 179
15 52
12 127
37 133
85 159
72 144
22 158
160 166
7 185
106 155
71 98
24 146
10 171
62 194
156 177
34 88
30 189
109 180
145 157
92 186
35 72
122 188
64 199
143 187
94 166
17 88
43 63
13 166
102 159
62 163
65 91
31 180
65 196
84 185
1 30
5 154
106 116
14 92
20 199
25 35